9416383581
8529000203
9416092390
9034522000
8683837671
9896855120
8295270585
7056890513
9812403276
8059926163
9466774673
9896246564
8950451000
7082896588
7206152992
9896762170
9991770525
8571905360
8929297283
9050006842
9813437733
9729303200
9466773282
9416152332
9416152332
9138122820
9138122820
7015841330
9728277798
2222222222
7497006030
2222222222
9817642109
7404939567
9416115007
9255170849
9255170849
9255170849
8708612557
9466773282
9034051203
9050070609
8295595149
7027371020
8684823954
8506950769
9896855120
9896545608
